0.000000, -0.000000
0.217808, -0.000049
0.438101, -0.000020
0.653286, 0.000049
0.865469, 0.000205
1.072334, 0.000498
1.299726, 0.000967
1.516689, 0.001152
1.745088, 0.001318
1.993647, 0.001543
2.305239, 0.001904
2.609160, 0.002285
2.835786, 0.002666
3.058848, 0.003047
3.336914, 0.003340
3.570649, 0.003594
3.791401, 0.003818
4.037349, 0.004043
4.304272, 0.004189
4.545449, 0.004355
4.775332, 0.004658
5.008584, 0.005029
5.276499, 0.005488
5.594985, 0.006221
5.902114, 0.007061
6.204380, 0.007832
6.493457, 0.008486
6.810381, 0.009180
7.109194, 0.009844
7.460478, 0.010703
7.797388, 0.011553
8.124224, 0.012383
8.342437, 0.012949
8.543584, 0.013467
8.920024, 0.014482
9.134575, 0.015068
9.577543, 0.016338
9.994360, 0.017588
10.238853, 0.018340
10.708487, 0.019805
11.165678, 0.021270
11.423447, 0.022109
11.897871, 0.023672
12.373525, 0.025186
12.640625, 0.025977
13.117436, 0.027344
13.513105, 0.028477
13.837520, 0.029395
14.326919, 0.030781
14.599023, 0.031602
15.099570, 0.033154
15.384584, 0.034072
15.895864, 0.035732
16.113457, 0.036426
16.341822, 0.037129
16.693169, 0.038203
17.201307, 0.039746
17.482481, 0.040605
17.682837, 0.041211
17.904766, 0.041875
18.210224, 0.042783
18.493418, 0.043613
18.774849, 0.044424
18.984106, 0.045029
19.299965, 0.045937
19.595581, 0.046797
19.801884, 0.047412
20.163055, 0.048604
20.379463, 0.049336
20.712378, 0.050498
20.932386, 0.051279
21.183569, 0.052168
21.560087, 0.053467
21.783535, 0.054219
22.115767, 0.055332
22.422695, 0.056357
22.636312, 0.057070
22.973066, 0.058193
23.280537, 0.059199
23.494228, 0.059902
23.834145, 0.061025
24.065170, 0.061768
24.322123, 0.062656
24.714014, 0.064053
24.952074, 0.064912
25.312403, 0.066221
25.652153, 0.067461
25.886606, 0.068320
26.276327, 0.069736
26.512123, 0.070586
26.873648, 0.071865
27.212030, 0.073057
27.444481, 0.073877
27.835913, 0.075244
28.065220, 0.076035
28.417412, 0.077246
28.763275, 0.078408
28.992573, 0.079180
29.384243, 0.080449
29.629667, 0.081240
29.999130, 0.082422
30.339287, 0.083516
30.585522, 0.084316
30.988529, 0.085635
31.230200, 0.086445
31.614305, 0.087773
31.962997, 0.089092
32.214321, 0.090068
32.625305, 0.091689
32.871895, 0.092646
33.146782, 0.093711
33.525654, 0.095176
33.780342, 0.096143
34.150406, 0.097549
34.495857, 0.098857
34.733456, 0.099746
35.099300, 0.101094
35.443592, 0.102324
35.677616, 0.103164
36.044605, 0.104453
36.286762, 0.105293
36.655975, 0.106572
36.900635, 0.107422
37.178226, 0.108389
37.590557, 0.109854
37.845028, 0.110762
38.225609, 0.112158
38.577393, 0.113496
38.838589, 0.114531
39.118221, 0.115684
39.406700, 0.116904
39.788612, 0.118506
40.141552, 0.119990
40.386925, 0.121016
40.763397, 0.122588
41.112331, 0.124033
41.462090, 0.125469
41.708271, 0.126455
42.085400, 0.127959
42.441345, 0.129355
42.692940, 0.130313
43.091160, 0.131797
43.333641, 0.132676
43.706570, 0.133984
44.050163, 0.135205
44.287273, 0.136025
44.682293, 0.137324
44.924080, 0.138115
45.291729, 0.139316
45.535088, 0.140117
45.812187, 0.141016
46.227627, 0.142432
46.476414, 0.143281
46.847713, 0.144600
47.197956, 0.145850
47.438835, 0.146719
47.811680, 0.148105
48.052841, 0.148984
48.316006, 0.149971
48.685749, 0.151348
48.929695, 0.152256
49.293484, 0.153604
49.621387, 0.154795
49.951805, 0.155986
50.180664, 0.156797
50.538074, 0.158057
50.881397, 0.159248
51.115829, 0.160068
51.518612, 0.161475
51.766006, 0.162344
52.142635, 0.163691
52.493259, 0.164980
52.735378, 0.165879
53.164551, 0.167539
53.421406, 0.168564
53.801006, 0.170156
54.149685, 0.171680
54.401016, 0.172812
54.828514, 0.174756
55.085587, 0.175928
55.475098, 0.177676
55.832031, 0.179277
56.081436, 0.180391
56.502060, 0.182275
56.752487, 0.183389
57.140495, 0.185098
57.491592, 0.186631
57.737881, 0.187686
58.113037, 0.189287
58.360371, 0.190322
58.637333, 0.191475
59.050915, 0.193145
59.291386, 0.194102
59.658573, 0.195508
59.994461, 0.196758
60.228916, 0.197617
60.496960, 0.198613
60.868496, 0.199912
61.221149, 0.201123
61.567997, 0.202295
61.814384, 0.203125
62.187664, 0.204404
62.537598, 0.205605
62.781521, 0.206465
63.171650, 0.207861
63.432156, 0.208818
63.715897, 0.209873
64.132614, 0.211484
64.392349, 0.212490
64.776031, 0.214014
65.123634, 0.215420
65.365204, 0.216396
65.633575, 0.217490
66.006729, 0.218994
66.352745, 0.220400
66.686729, 0.221738
66.918488, 0.222666
67.280197, 0.224082
67.510406, 0.224980
67.775505, 0.225977
68.182419, 0.227500
68.420448, 0.228389
68.807617, 0.229805
69.066383, 0.230752
69.360222, 0.231836
69.796684, 0.233457
70.044777, 0.234385
70.422539, 0.235840
70.769226, 0.237197
71.006378, 0.238135
71.385422, 0.239668
71.728104, 0.241084
71.964615, 0.242061
72.335274, 0.243613
72.688377, 0.245098
72.919601, 0.246064
73.315300, 0.247725
73.557266, 0.248721
73.927818, 0.250254
74.170372, 0.251240
74.433891, 0.252295
74.835167, 0.253887
75.076851, 0.254844
75.437996, 0.256309
75.776749, 0.257656
76.013603, 0.258574
76.278473, 0.259600
76.637184, 0.260967
76.961395, 0.262187
77.191177, 0.263057
77.530792, 0.264307
77.842499, 0.265439
78.057762, 0.266221
78.307541, 0.267129
78.660660, 0.268418
78.992638, 0.269648
79.240166, 0.270586
79.515701, 0.271650
79.889877, 0.273154
80.226463, 0.274541
80.449890, 0.275488
80.811996, 0.277070
81.143349, 0.278545
81.469147, 0.280020
81.698586, 0.281064
81.956375, 0.282256
82.302673, 0.283867
82.637886, 0.285430
82.961884, 0.286924
83.198074, 0.288027
83.456062, 0.289219
83.803757, 0.290840
84.124344, 0.292354
84.448570, 0.293926
84.682404, 0.295068
85.046806, 0.296924
85.388710, 0.298662
85.623894, 0.299863
86.024628, 0.301885
86.270294, 0.303115
86.636398, 0.304932
86.967003, 0.306562
87.203781, 0.307725
87.596619, 0.309648
87.834137, 0.310811
88.192749, 0.312549
88.516647, 0.314102
88.748077, 0.315195
89.128639, 0.316982
89.362656, 0.318066
89.707657, 0.319629
90.030708, 0.321064
90.247032, 0.322021
90.621841, 0.323613
90.851288, 0.324648
91.094597, 0.325703
91.428871, 0.327109
91.638344, 0.327969
91.973808, 0.329336
92.276108, 0.329102
92.487579, 0.328008
92.816139, 0.323389
93.115555, 0.316650
93.322067, 0.310791
93.673553, 0.297119
93.889931, 0.287461
94.209900, 0.272930
94.500916, 0.261982
94.701180, 0.254736
95.015190, 0.243379
95.524040, 0.223203
95.809425, 0.210723
96.308907, 0.186406
96.587372, 0.171494
97.077332, 0.145615
97.354248, 0.133096
97.874413, 0.115303
98.349930, 0.106289
98.607574, 0.104727
99.103096, 0.108330
99.571045, 0.113633
99.828934, 0.114180
100.279259, 0.115645
100.648514, 0.119072
100.918007, 0.123428
101.354324, 0.133418
101.594879, 0.140596
102.020317, 0.155605
102.260391, 0.165254
102.711639, 0.182178
103.127274, 0.192324
103.369904, 0.195020
103.808121, 0.194346
104.219620, 0.190166
104.444023, 0.190674
104.866562, 0.193301
105.267296, 0.194258
105.485046, 0.193838
105.897285, 0.191318
106.276894, 0.187080
106.488228, 0.184072
106.864136, 0.177988
107.239166, 0.171191
107.452728, 0.167109
107.833809, 0.159600
108.052696, 0.155195
108.423203, 0.147637
108.650604, 0.142930
109.043686, 0.134795
109.439056, 0.126621
109.665459, 0.121973
110.089424, 0.113379
110.518250, 0.104941
110.754601, 0.100391
111.189392, 0.091953
111.610870, 0.083730
111.839966, 0.079248
112.248871, 0.071240
112.660194, 0.063135
112.895340, 0.058496
113.294823, 0.050566
113.645660, 0.043604
113.926582, 0.038027
114.376312, 0.029219
114.634216, 0.024238
115.081978, 0.015654
115.339355, 0.010703
115.838272, 0.001045
116.299683, -0.007930
116.678970, -0.015312
116.989296, -0.021367
117.443535, -0.030254
117.806000, -0.037373
118.098991, -0.043154
118.561249, -0.049453
118.989708, -0.053457
119.230240, -0.057080
119.643700, -0.063877
119.987556, -0.069297
120.239861, -0.073105
120.645416, -0.079131
120.868179, -0.082412
121.259293, -0.088154
121.476326, -0.091338
121.870232, -0.097109
122.258690, -0.102812
122.477554, -0.106025
122.858063, -0.111641
123.086830, -0.115010
123.498650, -0.121055
123.739937, -0.124570
124.198318, -0.131123
124.630463, -0.137158
124.883530, -0.138525
125.338356, -0.134033
125.761406, -0.126055
125.999565, -0.124482
126.437828, -0.122861
126.840721, -0.120732
127.064781, -0.119072
127.394081, -0.116084
127.631485, -0.113486
127.855797, -0.111006
128.236618, -0.106494
128.561996, -0.102119
128.798141, -0.098818
129.193344, -0.093262
129.415894, -0.090107
129.850830, -0.083906
130.273804, -0.077793
130.511887, -0.074287
130.939026, -0.067871
131.189941, -0.063965
131.619370, -0.059678
131.858047, -0.060244
132.304047, -0.060977
132.727631, -0.058311
132.961777, -0.056699
133.372208, -0.054355
133.612869, -0.053301
133.945236, -0.052178
134.194153, -0.051621
134.419250, -0.051289
134.846527, -0.050547
135.247574, -0.050361
135.476517, -0.050381
135.877594, -0.050488
136.259644, -0.050625
136.476105, -0.050713
136.848495, -0.050869
137.054703, -0.050957
137.419113, -0.051113
137.742950, -0.051260
137.993332, -0.051377
138.383591, -0.051582
138.599701, -0.051689
139.004837, -0.051865
139.225021, -0.051934
139.638260, -0.051963
139.864990, -0.051904
140.299026, -0.051641
140.712769, -0.051289
141.041458, -0.051035
141.290100, -0.050859
141.690567, -0.050596
141.912445, -0.050449
142.332718, -0.050137
142.569824, -0.049922
142.807617, -0.049697
143.259476, -0.049209
143.508713, -0.048926
143.963242, -0.048408
144.350876, -0.048008
144.665054, -0.047734
145.131866, -0.047314
145.382980, -0.047100
145.828140, -0.046738
146.083588, -0.046543
146.576889, -0.046191
147.047363, -0.045791
147.313782, -0.045508
147.800842, -0.044932
148.078186, -0.044600
148.563904, -0.044033
148.841614, -0.043740
149.358398, -0.043213
149.852524, -0.042734
150.124161, -0.042480
150.600327, -0.042051
150.866776, -0.041826
151.342651, -0.041484
151.732147, -0.041240
152.051636, -0.041094
152.340500, -0.040986
152.677551, -0.040811
153.004776, -0.040703
153.246674, -0.040635
153.547821, -0.040566
153.992615, -0.040479
154.233215, -0.040439
154.693512, -0.040371
155.136047, -0.040303
155.488434, -0.040234
155.775497, -0.040176
156.182999, -0.040068
156.406219, -0.040000
156.781464, -0.039883
156.993439, -0.039814
157.339462, -0.039727
157.660431, -0.039648
157.868744, -0.039600
158.172318, -0.039531
158.440796, -0.039463
158.759018, -0.039385
159.005371, -0.039326
159.236191, -0.039258
159.466949, -0.039199
159.700165, -0.039111
159.970245, -0.039014
160.180679, -0.039014
160.437454, -0.039082
160.640717, -0.039141
160.908752, -0.039219
161.147751, -0.039297
161.403961, -0.039395
161.669952, -0.039502
161.920761, -0.039609
162.171555, -0.039717
162.428299, -0.039834
162.663040, -0.039951
162.898392, -0.040078
163.131134, -0.040195
163.355148, -0.040293
163.615509, -0.040381
163.817108, -0.040381
