0.000015, 0.000083
0.201670, 0.000361
0.410708, 0.000386
0.683647, 0.000947
0.916699, 0.001118
1.187095, 0.001289
1.403452, 0.001514
1.665029, 0.001826
1.942417, 0.002227
2.246675, 0.002549
2.533726, 0.002803
2.830166, 0.003047
3.108706, 0.003267
3.370474, 0.003462
3.639595, 0.003633
3.885347, 0.003784
4.163095, 0.003955
4.424424, 0.004111
4.731308, 0.004307
5.050518, 0.004575
5.291563, 0.004897
5.530718, 0.005415
5.777700, 0.005947
6.035273, 0.006382
6.309102, 0.006787
6.562002, 0.007153
6.782739, 0.007451
7.051201, 0.007817
7.339536, 0.008198
7.555566, 0.008481
7.874067, 0.008979
8.164482, 0.009473
8.466221, 0.009990
8.846899, 0.010762
9.213550, 0.011582
9.565400, 0.012324
9.767309, 0.012690
10.130429, 0.013315
10.486430, 0.013911
10.690928, 0.014248
11.060317, 0.014834
11.392158, 0.015337
11.719775, 0.015801
11.935586, 0.016084
12.250312, 0.016484
12.558705, 0.016836
12.885010, 0.017207
13.198975, 0.021216
13.502587, 0.031416
13.793598, 0.047803
14.131083, 0.066514
14.435488, 0.077500
14.730722, 0.090830
15.003750, 0.109619
15.306191, 0.138853
15.584745, 0.173818
15.853935, 0.215898
16.108828, 0.263857
16.404160, 0.331035
16.681543, 0.406660
16.928436, 0.485283
17.153740, 0.567339
17.393036, 0.667285
17.648994, 0.790884
17.870399, 0.912642
18.077528, 1.040493
18.266727, 1.170054
18.460117, 1.319028
18.648945, 1.483613
18.810194, 1.633369
18.961395, 1.774351
19.198633, 1.990459
19.351885, 2.125303
19.586142, 2.338408
19.811298, 2.553975
20.043213, 2.768940
20.268173, 2.977597
20.462011, 3.169980
20.613388, 3.320303
20.801386, 3.506592
20.944853, 3.650122
21.130888, 3.847422
21.290997, 4.032280
21.461630, 4.251567
21.636866, 4.482046
21.820976, 4.707153
21.988779, 4.919375
22.112333, 5.090703
22.263359, 5.320893
22.389727, 5.538603
22.512520, 5.770454
22.643436, 6.001904
22.769081, 6.230073
22.890175, 6.484873
22.986885, 6.728081
23.063778, 6.964404
23.134296, 7.176372
23.212929, 7.400630
23.279648, 7.635410
23.329062, 7.861235
23.360107, 8.072368
23.378134, 8.349404
23.389589, 8.551337
23.413242, 8.796460
23.440702, 9.006948
23.461542, 9.239287
23.470760, 9.474893
23.467323, 9.700034
23.451435, 9.912876
23.422226, 10.129229
23.392118, 10.341699
23.350292, 10.551581
23.297031, 10.745820
23.211962, 10.976006
23.092831, 11.222143
22.989023, 11.434306
22.875488, 11.689028
22.782959, 11.914272
22.684326, 12.153564
22.589716, 12.379540
22.492695, 12.609961
22.393778, 12.844360
22.300751, 13.064668
22.207939, 13.278296
22.103769, 13.493017
21.994698, 13.693871
21.876513, 13.883808
21.754551, 14.057012
21.625858, 14.244297
21.479521, 14.464614
21.330448, 14.666352
21.159140, 14.871294
20.978153, 15.059555
20.799541, 15.228891
20.625526, 15.400835
20.478895, 15.556611
20.312147, 15.735107
20.129198, 15.918730
19.932608, 16.098007
19.757715, 16.258980
19.562334, 16.446177
19.375908, 16.611597
19.194696, 16.758583
19.001133, 16.899199
18.806406, 17.023149
18.608896, 17.130253
18.404112, 17.233671
18.179453, 17.355854
17.983915, 17.473192
17.801495, 17.575190
17.621407, 17.665083
17.368593, 17.772583
17.180264, 17.844683
16.948769, 17.945826
16.702353, 18.055855
16.446747, 18.154980
16.192396, 18.239101
15.957573, 18.302631
15.714062, 18.359087
15.463364, 18.425894
15.232045, 18.485556
15.003725, 18.531694
14.778110, 18.564384
14.539008, 18.583202
14.318994, 18.584150
14.097080, 18.566635
13.890971, 18.532352
13.696259, 18.485874
13.459595, 18.411030
13.270107, 18.345097
13.032144, 18.264692
12.771680, 18.182045
12.495942, 18.103300
12.246440, 18.029613
11.979672, 17.946499
11.726035, 17.865873
11.492563, 17.791185
11.296865, 17.728441
11.048276, 17.645596
10.780532, 17.544769
10.516220, 17.438091
10.259331, 17.344204
10.005337, 17.245155
9.765483, 17.139526
9.543696, 17.028246
9.356001, 16.921656
9.129931, 16.772123
8.942431, 16.625420
8.772124, 16.466797
8.629931, 16.316685
8.473174, 16.151352
8.319912, 15.996875
8.161016, 15.847617
7.983813, 15.682412
7.781040, 15.488681
7.562251, 15.273710
7.418442, 15.128759
7.278642, 14.981172
7.129697, 14.814360
6.977456, 14.631855
6.846231, 14.461626
6.689985, 14.238726
6.580796, 14.064785
6.438677, 13.806201
6.312861, 13.543964
6.201206, 13.313843
6.115356, 13.125590
6.018501, 12.872988
5.942031, 12.618853
5.887861, 12.373432
5.843642, 12.124501
5.796313, 11.882260
5.743345, 11.652900
5.687744, 11.420141
5.633018, 11.132524
5.592017, 10.887793
5.545820, 10.650957
5.503574, 10.432324
5.460210, 10.207847
5.417197, 9.971484
5.385952, 9.741704
5.368579, 9.533066
5.359453, 9.254614
5.343706, 9.005630
5.324311, 8.733086
5.316348, 8.465332
5.319668, 8.166699
5.319853, 7.953520
5.332661, 7.662378
5.358305, 7.407314
5.389702, 7.205732
5.443804, 6.957627
5.509282, 6.722295
5.575444, 6.477202
5.652519, 6.242441
5.750244, 6.006640
5.856924, 5.798100
5.961245, 5.620449
6.071894, 5.427368
6.176689, 5.229121
6.281753, 5.037559
6.397588, 4.853291
6.521357, 4.670991
6.634766, 4.486230
6.760786, 4.274531
6.899072, 4.052602
7.022256, 3.869560
7.149922, 3.693501
7.313061, 3.484883
7.456909, 3.317676
7.596084, 3.169326
7.810791, 2.951602
7.998335, 2.759927
8.227841, 2.557334
8.439292, 2.396294
8.675800, 2.241255
8.907627, 2.093828
9.178916, 1.937256
9.442104, 1.813335
9.688627, 1.713540
9.874477, 1.634668
10.104306, 1.528213
10.327734, 1.422129
10.541387, 1.323672
10.768237, 1.220186
10.979985, 1.123809
11.199023, 1.024404
11.387880, 0.943442
11.588002, 0.867139
11.781523, 0.802729
12.005586, 0.719126
12.259312, 0.618892
12.452036, 0.549116
12.691342, 0.475649
12.948149, 0.414453
13.197128, 0.345708
13.435786, 0.273945
13.664668, 0.217114
13.906108, 0.171177
14.116006, 0.122148
14.338271, 0.066519
14.543545, 0.015454
14.782944, -0.043462
15.030391, -0.104609
15.226132, -0.153076
15.466620, -0.212612
15.725849, -0.283687
15.984414, -0.367881
16.229706, -0.444937
16.467119, -0.513242
16.708105, -0.583472
16.959110, -0.656792
17.195595, -0.726133
17.414228, -0.790220
17.628534, -0.854067
17.842607, -0.926162
18.045420, -1.002915
18.307978, -1.090835
18.504560, -1.161357
18.735928, -1.257515
18.974619, -1.377588
19.151318, -1.472866
19.354023, -1.597954
19.556162, -1.750395
19.721025, -1.904258
19.858856, -2.056084
20.008114, -2.241299
20.147245, -2.414902
20.298252, -2.594746
20.459961, -2.772871
20.621181, -2.945293
20.774668, -3.112949
20.939901, -3.294873
21.124969, -3.501269
21.320381, -3.731045
21.455908, -3.901484
21.583672, -4.072617
21.702461, -4.242334
21.835146, -4.424961
21.967382, -4.619150
22.079794, -4.800147
22.178965, -4.974297
22.321102, -5.262988
22.432442, -5.536191
22.514160, -5.791426
22.580185, -6.053184
22.626171, -6.249394
22.668680, -6.507295
22.688417, -6.749551
22.690371, -7.000332
22.690849, -7.249931
22.696377, -7.512451
22.710077, -7.818320
22.722216, -8.135322
22.728642, -8.437021
22.732569, -8.711914
22.735077, -8.923603
22.737812, -9.172393
22.739912, -9.373818
22.742714, -9.646953
22.739882, -9.909072
22.727686, -10.155186
22.703075, -10.404834
22.668369, -10.629531
22.615194, -10.868574
22.552059, -11.088554
22.495527, -11.292725
22.439814, -11.527480
22.390791, -11.754795
22.339882, -11.979424
22.289003, -12.199668
22.238974, -12.410820
22.164511, -12.677422
22.098398, -12.872354
22.011944, -13.095224
21.905966, -13.345937
21.805624, -13.593769
21.700342, -13.825928
21.594257, -14.029258
21.468290, -14.238203
21.319052, -14.449131
21.161991, -14.642197
21.014179, -14.826327
20.875410, -14.989169
20.712831, -15.154941
20.548662, -15.316699
20.390663, -15.485273
20.241884, -15.650508
20.058163, -15.839492
19.841045, -16.044315
19.681932, -16.180702
19.447685, -16.361319
19.227596, -16.521084
19.057226, -16.638262
18.818172, -16.783564
18.573915, -16.908632
18.344687, -17.004726
18.111357, -17.082899
17.841328, -17.169882
17.595879, -17.255234
17.368593, -17.341347
17.099913, -17.440449
16.907871, -17.504892
16.660048, -17.581434
16.423819, -17.655731
16.185322, -17.731045
15.985161, -17.793848
15.723373, -17.869316
15.444048, -17.941631
15.209922, -17.995195
14.982622, -18.040762
14.715771, -18.095741
14.476211, -18.135273
14.250000, -18.164610
14.022378, -18.184950
13.795659, -18.195469
13.552236, -18.195107
13.346015, -18.184874
13.031050, -18.149395
12.719506, -18.087910
12.427509, -18.003828
12.164335, -17.913017
11.914130, -17.826269
11.723232, -17.763750
11.520151, -17.701611
11.224805, -17.608183
11.022510, -17.540253
10.809688, -17.465879
10.580952, -17.378565
10.331118, -17.271309
10.100029, -17.162870
9.881030, -17.051718
9.630615, -16.914570
9.394301, -16.788652
9.182075, -16.680723
8.977036, -16.576796
8.748266, -16.457939
8.543022, -16.344286
8.328681, -16.216797
8.135015, -16.093632
7.954043, -15.970459
7.746943, -15.817558
7.579336, -15.683359
7.421567, -15.546093
7.271582, -15.403584
7.117558, -15.242041
6.985620, -15.089130
6.810268, -14.856396
6.648096, -14.599209
6.514097, -14.340820
6.388198, -14.081972
6.278345, -13.823584
6.195439, -13.566455
6.137012, -13.309228
6.092778, -13.052197
6.055498, -12.833457
6.016641, -12.618554
5.975928, -12.412793
5.931587, -12.204463
5.885889, -11.977373
5.843291, -11.737842
5.808574, -11.523525
5.777456, -11.321133
5.747739, -11.122382
5.716543, -10.911435
5.687920, -10.683779
5.666782, -10.469072
5.649067, -10.193369
5.644937, -9.991191
5.640215, -9.704208
5.627612, -9.456221
5.620239, -9.252363
5.620718, -9.000634
5.618926, -8.737666
5.613447, -8.475234
5.608554, -8.196982
5.606729, -7.910058
5.616220, -7.623291
5.640327, -7.329082
5.678223, -7.056875
5.723716, -6.806240
5.758867, -6.604883
5.814497, -6.359668
5.879790, -6.136142
5.968989, -5.896123
6.067095, -5.685166
6.173950, -5.497734
6.300625, -5.305595
6.414263, -5.133252
6.541035, -4.930068
6.650796, -4.738496
6.762861, -4.542666
6.876352, -4.349424
7.006084, -4.134834
7.119346, -3.958682
7.234160, -3.792041
7.356103, -3.628945
7.536772, -3.407793
7.730718, -3.189824
7.916099, -2.972265
8.102300, -2.758994
8.283310, -2.574082
8.430019, -2.435781
8.608672, -2.258867
8.789961, -2.070234
8.992499, -1.873535
9.194238, -1.695781
9.389663, -1.542227
9.577856, -1.412085
9.780020, -1.292378
9.995859, -1.186103
10.206953, -1.084058
10.408418, -0.989019
10.599956, -0.914062
10.846201, -0.838994
11.103442, -0.783193
11.350801, -0.725869
11.610986, -0.650703
11.844683, -0.585918
12.092910, -0.529790
12.288916, -0.478315
12.527388, -0.414639
12.770381, -0.349907
12.969433, -0.296880
13.210141, -0.235645
13.420083, -0.194492
13.645967, -0.164951
13.846376, -0.130161
14.054541, -0.088037
14.256533, -0.049038
14.509561, -0.010200
14.771191, 0.016699
15.022427, 0.043389
15.252764, 0.065898
15.494961, 0.083477
15.747437, 0.111665
16.001797, 0.139502
16.240849, 0.164341
16.462900, 0.179629
16.693075, 0.190747
16.905752, 0.208584
17.121532, 0.225239
17.325897, 0.233340
17.533232, 0.234668
17.740713, 0.243721
17.948095, 0.254297
18.195185, 0.266587
18.457823, 0.270547
18.711163, 0.264058
18.941416, 0.267349
19.192577, 0.259136
19.408291, 0.238013
19.651123, 0.218818
19.870790, 0.209878
20.086348, 0.200874
20.307705, 0.191592
20.541006, 0.181821
20.800371, 0.170972
21.081690, 0.159282
21.313768, 0.149937
21.545488, 0.140415
21.774395, 0.131582
22.031006, 0.127798
22.244707, 0.120610
22.502226, 0.112114
22.728163, 0.104731
22.937119, 0.097920
23.163975, 0.090518
23.379452, 0.088335
23.628124, 0.090986
23.829199, 0.087354
24.097578, 0.082876
24.299248, 0.079556
24.538212, 0.075581
24.800459, 0.071211
25.048866, 0.067065
25.285097, 0.063169
25.545448, 0.059038
25.811308, 0.055000
26.024208, 0.052876
26.294512, 0.058491
26.511221, 0.060508
26.771484, 0.060112
27.019091, 0.060112
27.308651, 0.060356
27.564823, 0.060645
27.793896, 0.060903
28.052090, 0.061245
28.318369, 0.061587
28.541708, 0.061899
28.781639, 0.062295
29.002598, 0.062700
