0.000186, -0.000068
0.230640, -0.000957
0.437847, -0.000811
0.655176, -0.001387
0.861772, -0.011973
1.083325, -0.019395
1.310308, -0.023682
1.533833, -0.027930
1.745703, -0.031924
1.967969, -0.036113
2.212202, -0.040615
2.429287, -0.044326
2.652978, -0.048379
2.900552, -0.052891
3.136880, -0.057178
3.385034, -0.061572
3.611807, -0.065557
3.819961, -0.069248
4.032856, -0.073086
4.339302, -0.078633
4.568843, -0.082783
4.769897, -0.086436
4.974731, -0.090166
5.200278, -0.094248
5.460258, -0.098945
5.742144, -0.103838
6.005420, -0.108330
6.289111, -0.113262
6.513223, -0.114062
6.727783, -0.113203
6.973969, -0.115967
7.271079, -0.119336
7.569458, -0.122363
7.854912, -0.125078
8.078120, -0.127148
8.323217, -0.129346
8.543891, -0.131279
8.817915, -0.133613
9.053935, -0.135400
9.332354, -0.134453
9.626035, -0.127578
9.907832, -0.115068
10.175938, -0.098340
10.399316, -0.085664
10.652773, -0.075781
10.893672, -0.067559
11.204419, -0.053311
11.419966, -0.036855
11.681752, -0.013799
11.941089, 0.014258
12.140395, 0.034141
12.479815, 0.062861
12.880650, 0.099111
13.168858, 0.126221
13.499473, 0.158154
13.864058, 0.194512
14.066372, 0.215205
14.280454, 0.237393
14.565990, 0.267422
14.767597, 0.288828
15.064726, 0.320254
15.353788, 0.350820
15.668452, 0.384033
15.967158, 0.415547
16.197134, 0.439775
16.418325, 0.463076
16.694414, 0.492129
17.048218, 0.529355
17.372349, 0.563447
17.801752, 0.608828
18.106630, 0.641133
18.368490, 0.670889
18.638144, 0.705254
18.899609, 0.742607
19.223974, 0.795557
19.428432, 0.830869
19.715107, 0.877021
19.993145, 0.918936
20.226616, 0.954141
20.495552, 0.998047
20.726913, 1.040244
20.990194, 1.093975
21.243965, 1.151406
21.540224, 1.221416
21.811367, 1.281367
22.065014, 1.336152
22.314522, 1.391973
22.532373, 1.444863
22.746704, 1.500986
22.998354, 1.573076
23.279764, 1.662002
23.539829, 1.752187
23.782740, 1.842158
23.997293, 1.920713
24.230970, 2.003984
24.441607, 2.084072
24.657064, 2.173037
24.841043, 2.254570
25.138819, 2.399131
25.322573, 2.496045
25.582861, 2.644687
25.770073, 2.760986
26.030239, 2.932510
26.241293, 3.073926
26.408232, 3.194199
26.576977, 3.319287
26.804422, 3.483330
27.033251, 3.645156
27.259356, 3.809150
27.487890, 3.979790
27.693705, 4.136260
27.886757, 4.284404
28.069571, 4.425982
28.239496, 4.559219
28.421152, 4.707290
28.652134, 4.905898
28.955601, 5.188579
29.216957, 5.453174
29.360781, 5.610385
29.559521, 5.838007
29.714956, 6.014575
29.926308, 6.246694
30.135117, 6.474570
30.329077, 6.692441
30.529964, 6.923164
30.675951, 7.092915
30.810003, 7.250513
30.966274, 7.435937
31.128675, 7.634668
31.272352, 7.817632
31.422533, 8.017730
31.597744, 8.265439
31.715883, 8.439838
31.892300, 8.698159
32.012203, 8.866357
32.142002, 9.047290
32.317337, 9.295132
32.441353, 9.472290
32.566891, 9.652959
32.709133, 9.859502
32.843945, 10.057295
33.005322, 10.297925
33.156013, 10.531631
33.293026, 10.753071
33.409603, 10.951606
33.526478, 11.159413
33.678719, 11.432436
33.786488, 11.616426
33.942078, 11.879692
34.076710, 12.110126
34.203808, 12.330645
34.320206, 12.534619
34.449203, 12.763506
34.564281, 12.969209
34.720108, 13.249385
34.887772, 13.551987
35.019947, 13.790917
35.158009, 14.040678
35.297291, 14.292905
35.415466, 14.507148
35.536621, 14.726987
35.660053, 14.951953
35.777084, 15.171860
35.907963, 15.428066
36.022022, 15.660703
36.140316, 15.913828
36.235638, 16.127811
36.326019, 16.341133
36.437141, 16.620102
36.522720, 16.850489
36.607105, 17.096226
36.679447, 17.325966
36.752602, 17.573744
36.817474, 17.792084
36.887806, 18.019457
36.979351, 18.328251
37.041821, 18.568428
37.095318, 18.804663
37.135063, 19.007021
37.169250, 19.210293
37.201256, 19.440599
37.224487, 19.648817
37.242271, 19.862265
37.255737, 20.090445
37.272602, 20.360224
37.288040, 20.567577
37.308628, 20.813593
37.323841, 21.090145
37.328697, 21.303188
37.324692, 21.598783
37.318851, 21.810654
37.316448, 22.071712
37.314957, 22.349760
37.310921, 22.642675
37.306255, 22.891214
37.300159, 23.180590
37.293568, 23.403217
37.281910, 23.627871
37.262669, 23.870478
37.240940, 24.075296
37.216236, 24.321997
37.193764, 24.645555
37.177181, 24.866039
37.153511, 25.148163
37.119175, 25.453379
37.083286, 25.704512
37.044388, 25.939911
37.009575, 26.168911
36.981705, 26.374706
36.945854, 26.613945
36.891529, 26.905127
36.832668, 27.175571
36.758762, 27.469311
36.679916, 27.737192
36.592094, 27.992466
36.475445, 28.282402
36.341381, 28.565825
36.228413, 28.775967
36.083881, 29.011225
35.964798, 29.185936
35.780849, 29.430931
35.645760, 29.594486
35.453983, 29.811186
35.301662, 29.981846
35.129478, 30.179522
34.937263, 30.405571
34.760513, 30.617188
34.571560, 30.848520
34.430389, 31.026546
34.290821, 31.208300
34.137680, 31.414120
34.016720, 31.584219
33.891380, 31.770859
33.766899, 31.972281
33.647243, 32.188084
33.547348, 32.393978
33.441807, 32.619492
33.341347, 32.827354
33.234913, 33.035816
33.105316, 33.282486
32.985561, 33.529163
32.877544, 33.755474
32.780945, 33.946171
32.648556, 34.187904
32.513470, 34.407791
32.350937, 34.639404
32.208889, 34.827522
32.059219, 35.039974
31.939682, 35.220375
31.823368, 35.393955
31.690208, 35.589138
31.524780, 35.826485
31.407846, 35.993847
31.265581, 36.197144
31.129082, 36.391949
30.944311, 36.655506
30.806454, 36.850838
30.669193, 37.036171
30.500586, 37.247490
30.358627, 37.426743
30.220366, 37.611301
30.094780, 37.778183
29.955235, 37.962952
29.832226, 38.125088
29.703466, 38.294556
29.558506, 38.485302
29.416449, 38.672203
29.249809, 38.891407
29.082314, 39.111633
28.942768, 39.294727
28.770580, 39.520546
28.632524, 39.701683
28.495111, 39.882122
28.355337, 40.065701
28.212841, 40.252861
28.026133, 40.498108
27.902445, 40.660599
27.746645, 40.865292
27.565010, 41.106850
27.442421, 41.277691
27.268158, 41.534950
27.125370, 41.744411
26.957016, 41.980892
26.792744, 42.212795
26.638428, 42.432724
26.490410, 42.647331
26.332357, 42.890732
26.193228, 43.121098
26.063007, 43.338154
25.909521, 43.583435
25.742870, 43.865501
25.625435, 44.056522
25.476269, 44.301556
25.344023, 44.520401
25.214258, 44.738674
25.103188, 44.937969
24.997959, 45.141628
24.901527, 45.346264
24.818172, 45.542568
24.737030, 45.762840
24.659925, 46.023163
24.605303, 46.274261
24.565243, 46.492622
24.527153, 46.689148
24.482422, 46.901749
24.438784, 47.160702
24.402168, 47.370918
24.352686, 47.629070
24.316050, 47.827366
24.260620, 48.140163
24.207886, 48.512878
24.180170, 48.772728
24.160967, 49.021004
24.150438, 49.228481
24.141459, 49.506287
24.126923, 49.795429
24.107626, 50.074448
24.097094, 50.361599
24.096338, 50.576607
24.102264, 50.802197
24.119995, 51.086990
24.146708, 51.330769
24.184223, 51.571507
24.235361, 51.816055
24.309057, 52.084637
24.389204, 52.323540
24.472797, 52.530388
24.580635, 52.752487
24.710024, 52.987087
24.816244, 53.178989
24.941240, 53.412369
25.040571, 53.607777
25.143955, 53.809483
25.256927, 54.018711
25.356533, 54.196552
25.461786, 54.380894
25.564779, 54.558739
25.726049, 54.821201
25.845894, 55.002060
25.984613, 55.205643
26.121786, 55.419247
26.247065, 55.617821
26.365942, 55.804501
26.535038, 56.067860
26.655483, 56.254776
26.773628, 56.432224
26.904194, 56.617142
27.057621, 56.820107
27.218515, 57.015018
27.355478, 57.167404
27.514086, 57.336601
27.676493, 57.517548
27.830629, 57.698193
27.969595, 57.860020
28.111450, 58.022541
28.286001, 58.220592
28.475786, 58.435383
28.626425, 58.605354
28.761328, 58.757557
28.919741, 58.936321
29.083929, 59.121677
29.263256, 59.324444
29.426226, 59.508652
29.585957, 59.689129
29.755350, 59.880516
29.924042, 60.074451
30.073280, 60.255405
30.215195, 60.438259
30.356512, 60.626579
30.499809, 60.806599
30.650288, 60.993568
30.787157, 61.174149
30.917002, 61.357548
31.063589, 61.573524
31.190887, 61.749668
31.319136, 61.924969
31.441196, 62.092762
31.569593, 62.271019
31.708271, 62.470860
31.838598, 62.669209
31.949028, 62.846992
32.084900, 63.081581
32.221939, 63.317734
32.377636, 63.570690
32.515667, 63.797955
32.633404, 64.007607
32.743023, 64.218987
32.836964, 64.413033
32.931465, 64.627197
33.014511, 64.838432
33.101620, 65.093758
33.175438, 65.358795
33.233994, 65.620094
33.283096, 65.842621
33.334610, 66.052467
33.386719, 66.247955
33.464016, 66.548019
33.533081, 66.839088
33.592289, 67.106964
33.659542, 67.432434
33.711205, 67.690529
33.763519, 67.954781
33.803925, 68.159912
33.855927, 68.428299
33.901096, 68.705338
33.929672, 68.910347
33.962185, 69.172417
34.005432, 69.454735
34.042896, 69.692245
34.076138, 69.908829
34.106236, 70.119148
34.136021, 70.353752
34.158070, 70.555199
34.179115, 70.760895
34.208675, 71.011345
34.235916, 71.234917
34.266045, 71.526558
34.287716, 71.802345
34.302364, 72.085503
34.308620, 72.300896
34.309868, 72.510391
34.305073, 72.755180
34.290379, 73.042953
34.262928, 73.342773
34.215916, 73.667160
34.168026, 73.928711
34.130878, 74.127274
34.095497, 74.326706
34.052261, 74.589371
34.019173, 74.789864
33.983540, 74.995323
33.939629, 75.225967
33.894981, 75.431541
33.832680, 75.682610
33.775410, 75.911903
33.716988, 76.146263
33.654259, 76.391724
33.593868, 76.620461
33.522324, 76.870155
33.443890, 77.121315
33.361816, 77.367699
33.294247, 77.578552
33.200081, 77.883331
33.140293, 78.076134
33.079693, 78.269257
33.009766, 78.489601
32.948650, 78.680649
32.876717, 78.904343
32.799217, 79.135483
32.709179, 79.384995
32.607552, 79.646103
32.501270, 79.900513
32.389359, 80.170029
32.315578, 80.359428
32.229187, 80.582291
32.153721, 80.774025
32.061287, 81.005318
31.983643, 81.198090
31.880293, 81.451996
31.782471, 81.683914
31.691460, 81.890472
31.569662, 82.151382
31.390350, 82.504913
31.278524, 82.710129
31.143896, 82.948883
31.004511, 83.197906
30.863945, 83.458824
30.753838, 83.659500
30.635977, 83.862274
30.511147, 84.064812
30.331259, 84.336754
30.206762, 84.512924
30.011713, 84.781540
29.881044, 84.966026
29.692865, 85.225807
29.567533, 85.387817
29.341259, 85.656807
29.142250, 85.874741
28.913731, 86.107346
28.766947, 86.251999
28.615707, 86.404518
28.429682, 86.598045
28.239449, 86.795349
28.055439, 86.981583
27.886024, 87.149887
27.684584, 87.346931
27.529209, 87.497482
27.303135, 87.715431
27.071674, 87.937782
26.906151, 88.096504
26.752533, 88.240135
26.597294, 88.379967
26.358799, 88.580666
26.161478, 88.739441
25.995840, 88.877846
25.777842, 89.066277
25.575575, 89.239624
25.372553, 89.411690
25.178251, 89.575279
24.987499, 89.735405
24.758310, 89.923691
24.578651, 90.062256
24.397631, 90.193611
24.216743, 90.317116
24.054077, 90.433838
23.856831, 90.581688
23.691122, 90.705505
23.513144, 90.837036
23.305611, 90.989418
23.104345, 91.136589
22.929356, 91.264198
22.748257, 91.397491
22.570194, 91.533066
22.403925, 91.664528
22.116381, 91.884079
21.845331, 92.086395
21.657187, 92.231209
21.426533, 92.417290
21.197426, 92.613708
21.006006, 92.789375
20.816206, 92.973427
20.659512, 93.125351
20.435297, 93.336357
20.226587, 93.542953
20.039751, 93.743111
19.865034, 93.945808
19.696089, 94.159126
19.540731, 94.374489
19.380087, 94.624245
19.258471, 94.839325
19.163731, 95.027664
19.066938, 95.246284
18.984066, 95.468231
18.915043, 95.693947
18.851332, 95.926735
18.799398, 96.150719
18.764263, 96.366875
18.741114, 96.581871
18.717402, 96.823906
18.695766, 97.065987
18.673975, 97.275635
18.646021, 97.509155
18.618799, 97.765289
18.596235, 98.015854
18.579493, 98.218491
18.563061, 98.423798
18.543783, 98.668068
18.526527, 98.919296
18.508627, 99.171059
18.492514, 99.386650
18.475088, 99.621208
18.456675, 99.868942
18.436626, 100.138916
18.418213, 100.386177
18.402460, 100.597206
18.380381, 100.889771
18.362295, 101.128052
18.346498, 101.336746
18.324310, 101.631737
18.307842, 101.851105
18.286152, 102.140182
18.265537, 102.414825
18.244995, 102.687653
18.224018, 102.965424
18.202465, 103.250877
18.184502, 103.489639
18.164820, 103.751411
18.144003, 104.014977
18.125063, 104.216415
18.101084, 104.430634
18.064751, 104.702293
18.018530, 104.988373
17.978125, 105.242729
17.940878, 105.514038
17.908012, 105.747070
17.870308, 105.972382
17.815737, 106.250122
17.756054, 106.527832
17.704121, 106.798340
17.651768, 107.074852
17.593500, 107.366875
17.529238, 107.649307
17.461294, 107.909897
17.390562, 108.148109
17.300756, 108.415054
17.235229, 108.613426
17.154667, 108.878822
17.091703, 109.089439
17.016699, 109.332535
16.944517, 109.561356
16.865438, 109.809113
16.789654, 110.045387
16.706118, 110.305115
16.641527, 110.505524
16.556040, 110.770058
16.457338, 111.063385
16.383745, 111.272736
16.256958, 111.607468
16.133593, 111.908318
16.030634, 112.148895
15.939048, 112.369606
15.836352, 112.628693
15.753686, 112.832146
15.630991, 113.113121
15.525469, 113.335678
15.406128, 113.571266
15.290351, 113.793022
15.179131, 114.013924
15.088818, 114.197174
14.998520, 114.379341
14.877143, 114.619911
14.742250, 114.883179
14.649755, 115.061775
14.529389, 115.292625
14.427173, 115.488976
14.324297, 115.694237
14.230137, 115.890518
14.134999, 116.098373
14.043720, 116.288940
13.920547, 116.538345
13.796016, 116.791618
13.677651, 117.034325
13.568359, 117.259430
13.469096, 117.472694
13.358828, 117.724060
13.247476, 118.003838
13.153676, 118.269371
13.078125, 118.515450
13.015547, 118.763130
12.959765, 119.020348
12.892426, 119.315796
12.834418, 119.550301
12.790523, 119.755524
12.747158, 120.019089
12.718076, 120.268730
12.699355, 120.494347
12.671000, 120.752693
12.643056, 120.969879
12.619507, 121.189415
12.602758, 121.443573
12.597373, 121.671967
12.603334, 121.913376
12.612700, 122.131851
12.616919, 122.386894
12.627748, 122.648727
12.650059, 122.888916
12.680561, 123.132851
12.703940, 123.400787
12.723203, 123.650459
12.741773, 123.876167
12.759072, 124.079666
12.785230, 124.368378
12.811132, 124.660133
12.836928, 124.953941
12.864995, 125.272949
12.890307, 125.560440
12.913955, 125.828926
12.937710, 126.098434
12.964218, 126.399048
12.984829, 126.632553
13.005698, 126.868744
13.024018, 127.075974
13.039360, 127.288315
13.053545, 127.513512
13.077909, 127.809952
13.103261, 128.124619
13.121650, 128.445541
13.127504, 128.744766
13.122251, 129.005447
13.115605, 129.240875
13.115981, 129.468491
13.117787, 129.694321
13.112549, 129.916595
13.100625, 130.133057
13.080972, 130.348206
13.047880, 130.594299
13.007769, 130.861252
12.972583, 131.121185
12.937212, 131.401962
12.895566, 131.693069
12.846470, 131.970657
12.776978, 132.292816
12.696690, 132.601990
12.632827, 132.827866
12.556650, 133.106049
12.478447, 133.406952
12.421811, 133.624237
12.360898, 133.839417
12.290776, 134.063553
12.204560, 134.311844
12.121509, 134.532471
12.021987, 134.805527
11.931196, 135.066162
11.834307, 135.340393
11.738793, 135.598984
11.637915, 135.851425
11.540956, 136.075577
11.428085, 136.315735
11.301562, 136.561127
11.159272, 136.810287
11.010810, 137.047180
10.891719, 137.226471
10.772470, 137.398331
10.639785, 137.580643
10.446762, 137.835724
10.323296, 137.998840
10.197519, 138.161819
10.049936, 138.341309
9.917822, 138.492050
9.772510, 138.647888
9.610126, 138.814240
9.453471, 138.975601
9.307553, 139.129349
9.164199, 139.281464
8.985259, 139.468109
8.825596, 139.630798
8.599087, 139.856644
8.448266, 140.004196
8.282754, 140.164444
8.073940, 140.365128
7.887773, 140.543304
7.643525, 140.776520
7.397988, 141.010651
7.175259, 141.222870
6.968554, 141.419815
6.806284, 141.574371
6.650507, 141.722733
6.499829, 141.866211
6.317647, 142.036057
6.149409, 142.187637
5.978735, 142.335739
5.801792, 142.482986
5.615820, 142.636185
5.454497, 142.773712
5.254502, 142.947998
5.073701, 143.100693
4.912075, 143.231155
4.734805, 143.367813
4.569175, 143.490295
4.382021, 143.621277
4.123213, 143.789993
3.886460, 143.934677
3.643633, 144.085938
3.469853, 144.197296
3.216811, 144.349457
2.970039, 144.484055
2.705561, 144.614807
2.448682, 144.744003
2.254399, 144.846390
2.015112, 144.971176
1.771450, 145.095673
1.506626, 145.229279
1.327393, 145.318985
1.115601, 145.423416
0.922490, 145.515106
0.692856, 145.618408
0.472500, 145.711975
0.184062, 145.825256
-0.045469, 145.908844
-0.251396, 145.978394
-0.510854, 146.062653
-0.758203, 146.146439
-0.957397, 146.216644
-1.174629, 146.293167
-1.470107, 146.393936
-1.757183, 146.487991
-1.952544, 146.550369
-2.174844, 146.620346
-2.433223, 146.699677
-2.668423, 146.766983
-2.874561, 146.821793
-3.177475, 146.894516
-3.442319, 146.950134
-3.739936, 147.002670
-4.039131, 147.044327
-4.333242, 147.073410
-4.613159, 147.093628
-4.825850, 147.110626
-5.097160, 147.136139
-5.387568, 147.164413
-5.634956, 147.185059
-5.896323, 147.199875
-6.165037, 147.205170
-6.431848, 147.200882
-6.783853, 147.196045
-6.986914, 147.197449
-7.201548, 147.198059
-7.418589, 147.197723
-7.641465, 147.196533
-7.906963, 147.194122
-8.143786, 147.190521
-8.357383, 147.186401
-8.660232, 147.180054
-8.968899, 147.169403
-9.321321, 147.148605
-9.557004, 147.130157
-9.810825, 147.105011
-10.123164, 147.066284
-10.407422, 147.031662
-10.681523, 147.003403
-10.980439, 146.973129
-11.194770, 146.949875
-11.408975, 146.925034
-11.644450, 146.896271
-11.861050, 146.868912
-12.173850, 146.828232
-12.467686, 146.786819
-12.697983, 146.750992
-12.944920, 146.708115
-13.278530, 146.641556
-13.581264, 146.573517
-13.808481, 146.517288
-14.030266, 146.457748
-14.285110, 146.387268
-14.605439, 146.302231
-14.837187, 146.241058
-15.100905, 146.164276
-15.296784, 146.100204
-15.501821, 146.027191
-15.735993, 145.938400
-15.977456, 145.838776
-16.180012, 145.748688
-16.398703, 145.643829
-16.615898, 145.531403
-16.796614, 145.431641
-16.989048, 145.322647
-17.162844, 145.220322
-17.435286, 145.042358
-17.629789, 144.903397
-17.832983, 144.745239
-18.002043, 144.600082
-18.196945, 144.421585
-18.356110, 144.271027
-18.516531, 144.120102
-18.686066, 143.962463
-18.846777, 143.814331
-19.020336, 143.653488
-19.231936, 143.452576
-19.407507, 143.280212
-19.579453, 143.105362
-19.762434, 142.912170
-19.978857, 142.674438
-20.178938, 142.447510
-20.397751, 142.192474
-20.575314, 141.981674
-20.735659, 141.788773
-20.904858, 141.583069
-21.051521, 141.403732
-21.198084, 141.220718
-21.393538, 140.965805
-21.553331, 140.750641
-21.716372, 140.537399
-21.845184, 140.371674
-22.068708, 140.081848
-22.207914, 139.900406
-22.340767, 139.726974
-22.492809, 139.527710
-22.634758, 139.341293
-22.773178, 139.159241
-22.930544, 138.952087
-23.083456, 138.750793
-23.257019, 138.518799
-23.394865, 138.328110
-23.522425, 138.144730
-23.649624, 137.953796
-23.798849, 137.717514
-23.950060, 137.459961
-24.095531, 137.189194
-24.219841, 136.933121
-24.335718, 136.664825
-24.438307, 136.413940
-24.563761, 136.120010
-24.648632, 135.927307
-24.758003, 135.652023
-24.823805, 135.462646
-24.913095, 135.162338
-24.962421, 134.967072
-25.013988, 134.726944
-25.065405, 134.450409
-25.118845, 134.187881
-25.165689, 133.981598
-25.212683, 133.770935
-25.253376, 133.568741
-25.290640, 133.339737
-25.323549, 133.089355
-25.345161, 132.855896
-25.359663, 132.622345
-25.378944, 132.395813
-25.396816, 132.158905
-25.404655, 131.939270
-25.404287, 131.735764
-25.395229, 131.530914
-25.373653, 131.304825
-25.328789, 131.027222
-25.284008, 130.816010
-25.241899, 130.614243
-25.192440, 130.362823
-25.127722, 130.082458
-25.051056, 129.821503
-24.974228, 129.596069
-24.889788, 129.337280
-24.808306, 129.084534
-24.711454, 128.828888
-24.597656, 128.563644
-24.510183, 128.382950
-24.408274, 128.192490
-24.310261, 128.017502
-24.208349, 127.827950
-24.068562, 127.544609
-23.975073, 127.358589
-23.846632, 127.115662
-23.734171, 126.909615
-23.622622, 126.708054
-23.510241, 126.506699
-23.389423, 126.290604
-23.268276, 126.081108
-23.129019, 125.854965
-22.993830, 125.650215
-22.843388, 125.439301
-22.676859, 125.226112
-22.515743, 125.036415
-22.355803, 124.848602
-22.197168, 124.652657
-22.032797, 124.444023
-21.899260, 124.285751
-21.739441, 124.108521
-21.594856, 123.959213
-21.417019, 123.784294
-21.229380, 123.589546
-21.028772, 123.378746
-20.810425, 123.162773
-20.591475, 122.962685
-20.371496, 122.776413
-20.157228, 122.608788
-19.919594, 122.439331
-19.697401, 122.287323
-19.455683, 122.123268
-19.199543, 121.968727
-18.969170, 121.845879
-18.736708, 121.733734
-18.517738, 121.626854
-18.306034, 121.517754
-18.087900, 121.403252
-17.852480, 121.284004
-17.620737, 121.170174
-17.397552, 121.061989
-17.173140, 120.954155
-16.938581, 120.841812
-16.751316, 120.752304
-16.510275, 120.637390
-16.320387, 120.547256
-16.109243, 120.446991
-15.831513, 120.314781
-15.645859, 120.226364
-15.374064, 120.096909
-15.133847, 119.982475
-14.929348, 119.885033
-14.732327, 119.791153
-14.551159, 119.704803
-14.365314, 119.613289
-14.173440, 119.513916
-13.921816, 119.381844
-13.676985, 119.259789
-13.423615, 119.133240
-13.173124, 119.007301
-12.928063, 118.883858
-12.671413, 118.754395
-12.471765, 118.653656
-12.274184, 118.553978
-12.072170, 118.452087
-11.813306, 118.320290
-11.626213, 118.221207
-11.320969, 118.049294
-11.041111, 117.894089
-10.774204, 117.752106
-10.501230, 117.606567
-10.264029, 117.475075
-9.995662, 117.316208
-9.779643, 117.181328
-9.609204, 117.069931
-9.371582, 116.913246
-9.140993, 116.767799
-8.968947, 116.657822
-8.715176, 116.485565
-8.466958, 116.303360
-8.290839, 116.164810
-8.103503, 116.007599
-7.903667, 115.826736
-7.704668, 115.631462
-7.523088, 115.449783
-7.374949, 115.305229
-7.221347, 115.150391
-7.050063, 114.963043
-6.882114, 114.761658
-6.718059, 114.545181
-6.555950, 114.327728
-6.394509, 114.121178
-6.237666, 113.923981
-6.080359, 113.721474
-5.889912, 113.470467
-5.753281, 113.288506
-5.574065, 113.047905
-5.396663, 112.800163
-5.266785, 112.608505
-5.086233, 112.321297
-4.894141, 111.994591
-4.759663, 111.772270
-4.639936, 111.580299
-4.498789, 111.338379
-4.360733, 111.079849
-4.204551, 110.779823
-4.102993, 110.591400
-3.955307, 110.318336
-3.852080, 110.123825
-3.737427, 109.893471
-3.644980, 109.696671
-3.524805, 109.418015
-3.434531, 109.182533
-3.353745, 108.942772
-3.289971, 108.722771
-3.230161, 108.476021
-3.180737, 108.243935
-3.118862, 107.972565
-3.061904, 107.726295
-3.016699, 107.483604
-2.970932, 107.254623
-2.926948, 107.039703
-2.871489, 106.756187
-2.825962, 106.517090
-2.770454, 106.220200
-2.720317, 105.933784
-2.677441, 105.655914
-2.644004, 105.407516
-2.610044, 105.108452
-2.578882, 104.789658
-2.544624, 104.501740
-2.512808, 104.252960
-2.478467, 103.975906
-2.447266, 103.711075
-2.422422, 103.492134
-2.398369, 103.273994
-2.371050, 103.020203
-2.349287, 102.811821
-2.326626, 102.559296
-2.306011, 102.277527
-2.286807, 101.917809
-2.275713, 101.615395
-2.267422, 101.356804
-2.251074, 101.023865
-2.231519, 100.653786
-2.216997, 100.350876
-2.203179, 100.030739
-2.192202, 99.753067
-2.183149, 99.510826
-2.172417, 99.210106
-2.163311, 98.945740
-2.154946, 98.643600
-2.151548, 98.396042
-2.150708, 98.158234
-2.154551, 97.839180
-2.161714, 97.563622
-2.174341, 97.264771
-2.186518, 97.036934
-2.204214, 96.732559
-2.219995, 96.406921
-2.234102, 96.069923
-2.252339, 95.680458
-2.268931, 95.377892
-2.286089, 95.095047
-2.313330, 94.699150
-2.345293, 94.280434
-2.369253, 93.985703
-2.397554, 93.645836
-2.426548, 93.336853
-2.464775, 92.997940
-2.511553, 92.651054
-2.549570, 92.409996
-2.604033, 92.096581
-2.651162, 91.836433
-2.700210, 91.543945
-2.741841, 91.286255
-2.784019, 91.031219
-2.832842, 90.749039
-2.874546, 90.517036
-2.937153, 90.180397
-2.986177, 89.934624
-3.036572, 89.703316
-3.103525, 89.424927
-3.161509, 89.203178
-3.238892, 88.933083
-3.331245, 88.642227
-3.437266, 88.341705
-3.528682, 88.105408
-3.617466, 87.893600
-3.720049, 87.668945
-3.808252, 87.488708
-3.918730, 87.269699
-4.058618, 86.986794
-4.148711, 86.800087
-4.274692, 86.557037
-4.376167, 86.365273
-4.474643, 86.179214
-4.584111, 85.976997
-4.684292, 85.796089
-4.788452, 85.611397
-4.900642, 85.415016
-5.000747, 85.241219
-5.125793, 85.025055
-5.246924, 84.816338
-5.403794, 84.546928
-5.560630, 84.278534
-5.703616, 84.034157
-5.860952, 83.765427
-6.041826, 83.456032
-6.171457, 83.234245
-6.308562, 82.999664
-6.427871, 82.795532
-6.544783, 82.595512
-6.675688, 82.371582
-6.816433, 82.130836
-6.975974, 81.858009
-7.113112, 81.623520
-7.274380, 81.347847
-7.418909, 81.100830
-7.543611, 80.887711
-7.687902, 80.647148
-7.889409, 80.331444
-8.100364, 80.013420
-8.223908, 79.819908
-8.354533, 79.612175
-8.473125, 79.424736
-8.584226, 79.250526
-8.755820, 78.983269
-8.907660, 78.748024
-9.081870, 78.478683
-9.253623, 78.213493
-9.379831, 78.018806
-9.527307, 77.791496
-9.702883, 77.521011
-9.872180, 77.260269
-9.994895, 77.071198
-10.118501, 76.880760
-10.294453, 76.609764
-10.448669, 76.372307
-10.629473, 76.093941
-10.779887, 75.862328
-10.938276, 75.618378
-11.119272, 75.339561
-11.281408, 75.089760
-11.443630, 74.839783
-11.631105, 74.550812
-11.803447, 74.285133
-11.988586, 73.999771
-12.219113, 73.644577
-12.395901, 73.372246
-12.569325, 73.105125
-12.738215, 72.845016
-12.860291, 72.657013
-12.989182, 72.458527
-13.173039, 72.173843
-13.384711, 71.835495
-13.556032, 71.551857
-13.744534, 71.238312
-13.873933, 71.029213
-13.994399, 70.835342
-14.160745, 70.566841
-14.314306, 70.317429
-14.511218, 69.995361
-14.659746, 69.751427
-14.824097, 69.477791
-14.992094, 69.199356
-15.137575, 68.958382
-15.297812, 68.692871
-15.447089, 68.445328
-15.607222, 68.174820
-15.769707, 67.890045
-15.917390, 67.620163
-16.057461, 67.352722
-16.175928, 67.116295
-16.310156, 66.834007
-16.437588, 66.556602
-16.586308, 66.244080
-16.721418, 65.955635
-16.833204, 65.699623
-16.934774, 65.449707
-17.038446, 65.171417
-17.124041, 64.920860
-17.184717, 64.729576
-17.264389, 64.457077
-17.325819, 64.242508
-17.416679, 63.942703
-17.495525, 63.686459
-17.561554, 63.466179
-17.629946, 63.229343
-17.686924, 63.026169
-17.746559, 62.807880
-17.814552, 62.552280
-17.875174, 62.312214
-17.936823, 62.051449
-18.015062, 61.698444
-18.114964, 61.266121
-18.160770, 61.067410
-18.213623, 60.819530
-18.258101, 60.594753
-18.315239, 60.282391
-18.353245, 60.066387
-18.403891, 59.800163
-18.457851, 59.522041
-18.509874, 59.244411
-18.552729, 58.992519
-18.599688, 58.678223
-18.638124, 58.371319
-18.667187, 58.084408
-18.688894, 57.805820
-18.702497, 57.560375
-18.710329, 57.325058
-18.713335, 56.950829
-18.719597, 56.571846
-18.726503, 56.292656
-18.730642, 56.068516
-18.732487, 55.841892
-18.731710, 55.597050
-18.728916, 55.358231
-18.717283, 55.042881
-18.686659, 54.643818
-18.650461, 54.319038
-18.619148, 54.093376
-18.565170, 53.781929
-18.494436, 53.454334
-18.438828, 53.233887
-18.381826, 53.023052
-18.326067, 52.811337
-18.265566, 52.564995
-18.184961, 52.248905
-18.125866, 52.021484
-18.072205, 51.821655
-18.012207, 51.604290
-17.941807, 51.361710
-17.872820, 51.141289
-17.792471, 50.903877
-17.702753, 50.635624
-17.626272, 50.403660
-17.541111, 50.155781
-17.409773, 49.806599
-17.308746, 49.556396
-17.211176, 49.329163
-17.101770, 49.089432
-16.990307, 48.859764
-16.890314, 48.665272
-16.740730, 48.394978
-16.624016, 48.197758
-16.492430, 47.990185
-16.363264, 47.798828
-16.235020, 47.613773
-16.116171, 47.440056
-15.992756, 47.255371
-15.820114, 47.003056
-15.634550, 46.755840
-15.496826, 46.587620
-15.298525, 46.362591
-15.098127, 46.135761
-14.946506, 45.957645
-14.814959, 45.803452
-14.573598, 45.525955
-14.421332, 45.348526
-14.285906, 45.187019
-14.140373, 45.007706
-13.995767, 44.821995
-13.860024, 44.640839
-13.718965, 44.445877
-13.586584, 44.256077
-13.456108, 44.072422
-13.335434, 43.907524
-13.156872, 43.667286
-12.975903, 43.420185
-12.850154, 43.244827
-12.720156, 43.061287
-12.560686, 42.834351
-12.373013, 42.565311
-12.242915, 42.377567
-12.099958, 42.173428
-11.939431, 41.951542
-11.797595, 41.762321
-11.637212, 41.554886
-11.478251, 41.344673
-11.342442, 41.159527
-11.209196, 40.976780
-10.994363, 40.683968
-10.828264, 40.459278
-10.672883, 40.250149
-10.541482, 40.073872
-10.394819, 39.877636
-10.206352, 39.625450
-10.069328, 39.442490
-9.893786, 39.208401
-9.751094, 39.018246
-9.573889, 38.782234
-9.406635, 38.559647
-9.281958, 38.393837
-9.085734, 38.132996
-8.956277, 37.956478
-8.781416, 37.712051
-8.621621, 37.480869
-8.471169, 37.254692
-8.356223, 37.076256
-8.223334, 36.869095
-8.083215, 36.657497
-7.935933, 36.438774
-7.803606, 36.241299
-7.665561, 36.032528
-7.474460, 35.724773
-7.349196, 35.527340
-7.206846, 35.301918
-7.082409, 35.103653
-6.952920, 34.896317
-6.817078, 34.677933
-6.695859, 34.482300
-6.535144, 34.222286
-6.421038, 34.036770
-6.295725, 33.826355
-6.183228, 33.629803
-6.082400, 33.446289
-5.979973, 33.250851
-5.848938, 32.982708
-5.729277, 32.716137
-5.644224, 32.510975
-5.564729, 32.301483
-5.497707, 32.107185
-5.431375, 31.890566
-5.367624, 31.647577
-5.323008, 31.445570
-5.272693, 31.182041
-5.234140, 30.978807
-5.186604, 30.745302
-5.126426, 30.464146
-5.080981, 30.198071
-5.050486, 29.943085
-5.033518, 29.673882
-5.028640, 29.472923
-5.029924, 29.269588
-5.029468, 28.967924
-5.024018, 28.749960
-5.018283, 28.544609
-5.013847, 28.327124
-5.011465, 28.022818
-5.012497, 27.714687
-5.014365, 27.504902
-5.016926, 27.285883
-5.025967, 26.976923
-5.038200, 26.756905
-5.061108, 26.476200
-5.096028, 26.178164
-5.138938, 25.901358
-5.197087, 25.601040
-5.247400, 25.339268
-5.291023, 25.082987
-5.332644, 24.830248
-5.378672, 24.571987
-5.436160, 24.294384
-5.494792, 24.056269
-5.551228, 23.847919
-5.603464, 23.647114
-5.651880, 23.446962
-5.705398, 23.225254
-5.779138, 22.927187
-5.853074, 22.633749
-5.903637, 22.434839
-5.962492, 22.204653
-6.019287, 21.984188
-6.083176, 21.738173
-6.135701, 21.536211
-6.205447, 21.267290
-6.287749, 20.949520
-6.352107, 20.701094
-6.459299, 20.303940
-6.555739, 19.962860
-6.632683, 19.676430
-6.713152, 19.376167
-6.789179, 19.094007
-6.862717, 18.822363
-6.938887, 18.542036
-7.006899, 18.292377
-7.063308, 18.085678
-7.121938, 17.870390
-7.183039, 17.639961
-7.234919, 17.432899
-7.295471, 17.195210
-7.349638, 16.990492
-7.405461, 16.780302
-7.467024, 16.547733
-7.521472, 16.341513
-7.579043, 16.123119
-7.639468, 15.893677
-7.700298, 15.662568
-7.756387, 15.449438
-7.811448, 15.240058
-7.866472, 15.030790
-7.925862, 14.804932
-7.978860, 14.603369
-8.032961, 14.395000
-8.081450, 14.196284
-8.148970, 13.888657
-8.203239, 13.599531
-8.254116, 13.312837
-8.313965, 13.019970
-8.354815, 12.823252
-8.397505, 12.612192
-8.449546, 12.348730
-8.500027, 12.088642
-8.549739, 11.830839
-8.587634, 11.633140
-8.631794, 11.401723
-8.677365, 11.162549
-8.715129, 10.964013
-8.754067, 10.759008
-8.798296, 10.525785
-8.842896, 10.268877
-8.873737, 10.070674
-8.904192, 9.846191
-8.943418, 9.533521
-8.975893, 9.315386
-9.017182, 9.030419
-9.049277, 8.749189
-9.070435, 8.505889
-9.084695, 8.239868
-9.088701, 7.943637
-9.080601, 7.671631
-9.060669, 7.408799
-9.028167, 7.152056
-8.979876, 6.888930
-8.932946, 6.693432
-8.864192, 6.460805
-8.787847, 6.248799
-8.704341, 6.040171
-8.617988, 5.845532
-8.506533, 5.633828
-8.389594, 5.443735
-8.263623, 5.266943
-8.133152, 5.107412
-7.962014, 4.919179
-7.779109, 4.725757
-7.572864, 4.537915
-7.381606, 4.368457
-7.184118, 4.184702
-7.006191, 4.012114
-6.823186, 3.840000
-6.640073, 3.671943
-6.469368, 3.516660
-6.296621, 3.359951
-6.124004, 3.206523
-5.955185, 3.062783
-5.780359, 2.907246
-5.611218, 2.756846
-5.442651, 2.607021
-5.283083, 2.465225
-5.107744, 2.309404
-4.932898, 2.154072
-4.750229, 1.991875
-4.585713, 1.849873
-4.412827, 1.709170
-4.250786, 1.586475
-4.052988, 1.434805
-3.874458, 1.289131
-3.667036, 1.122012
-3.486665, 0.986191
-3.276973, 0.843838
-3.084018, 0.727471
-2.872852, 0.618428
-2.675215, 0.534531
-2.455117, 0.464053
-2.247109, 0.416553
-2.015435, 0.380508
-1.809575, 0.351221
-1.575991, 0.311338
-1.361206, 0.263584
-1.120044, 0.208477
-0.910171, 0.157168
-0.687471, 0.106543
-0.491738, 0.062363
-0.275181, 0.019590
-0.072866, -0.024814
0.000186, -0.000068
